$ANSIBLE_VAULT;1.1;AES256
39663730306636613461363834343533396166363363343365336130613231376664646366313937
3731353539646466666665353031646431663931326466300a366637396333636135336330303739
64613364353339323733613766356336613336336561363264646334653861373834353338343261
3337363432653963370a376334653035346563363730343331366463346139656562366233653464
36386430306666373432623638306331363538653432306234613965333238633566343361326634
39333333376630373836343036386138633438333832366637626336383166643533333033336437
36373334663431383933326163646233616362343839353634656137636438613036303232626331
62616430363735616537353161616531363839336134313836343362376637623936646263393264
37306264313661613833366465613663376463323739656434346333363731353961323465313863
33303666366366353064336235643535653032386234313438653566343265643239376639396161
61326435636161656630656262306630346633623033326438316462616235623232373061356236
66353538616561623264333038333663316433663130333133646132636165353836323833373361
34633434306638646464363337366335353734666133666533343262613063653733613364366265
63653263353232666638386664373131393033663564313032663461633233376336343539643733
32336563653936353236616362636337313633323131333066356139323036633966633031306436
38623838336534633830623233326331303765313334383338323864346230616236303939643762
63366531396339366333653763343632353561633033646563616462316237326265383661303030
34646634366135316664336139323363343336623165316238386265323533623638636263366564
336662336363633538313435623166653062
